<?xml version="1.0" encoding="UTF-8" standalone="no"?>
<!DOCTYPE svg PUBLIC "-//W3C//DTD SVG 20010904//EN"
              "http://www.w3.org/TR/2001/REC-SVG-20010904/DTD/svg10.dtd">

<svg xmlns="http://www.w3.org/2000/svg"
     width="18.9722in" height="6.97222in"
     viewBox="0 0 1366 502">
  <path id="Selection #1"
        fill="none" stroke="black" stroke-width="1"
        d="M 184.32,132.00
           C 186.81,127.38 189.54,124.38 193.12,120.61
             196.68,116.87 206.21,108.68 211.00,107.17
             212.93,106.92 215.95,107.00 218.00,107.17
             218.00,107.17 233.00,107.17 233.00,107.17
             233.00,107.17 245.00,108.04 245.00,108.04
             245.00,108.04 261.00,108.04 261.00,108.04
             261.00,108.04 273.00,109.04 273.00,109.04
             273.00,109.04 288.00,109.04 288.00,109.04
             288.00,109.04 299.00,110.00 299.00,110.00
             299.00,110.00 314.00,110.00 314.00,110.00
             314.00,110.00 329.00,111.04 329.00,111.04
             329.00,111.04 344.00,111.04 344.00,111.04
             344.00,111.04 355.00,112.00 355.00,112.00
             355.00,112.00 369.00,112.00 369.00,112.00
             369.00,112.00 384.00,113.04 384.00,113.04
             384.00,113.04 400.00,113.04 400.00,113.04
             400.00,113.04 412.00,114.04 412.00,114.04
             412.00,114.04 426.00,114.04 426.00,114.04
             426.00,114.04 438.00,115.00 438.00,115.00
             438.00,115.00 505.00,117.00 505.00,117.00
             505.00,117.00 528.00,118.00 528.00,118.00
             533.20,118.00 542.41,117.80 547.00,120.17
             550.21,121.83 555.74,128.09 558.20,131.04
             566.51,141.03 571.27,148.26 573.84,161.00
             574.72,164.37 577.69,172.43 573.84,174.40
             572.21,175.13 568.71,175.00 567.00,175.00
             567.00,175.00 545.00,175.00 545.00,175.00
             545.00,175.00 528.00,176.00 528.00,176.00
             528.00,176.00 477.00,177.00 477.00,177.00
             477.00,177.00 462.00,178.00 462.00,178.00
             462.00,178.00 445.00,178.00 445.00,178.00
             445.00,178.00 429.00,179.00 429.00,179.00
             429.00,179.00 414.00,179.00 414.00,179.00
             414.00,179.00 398.00,180.00 398.00,180.00
             398.00,180.00 382.00,180.00 382.00,180.00
             382.00,180.00 368.00,181.00 368.00,181.00
             368.00,181.00 352.00,181.00 352.00,181.00
             341.47,181.13 336.03,186.50 328.00,192.65
             328.00,192.65 295.00,218.87 295.00,218.87
             295.00,218.87 247.42,259.45 247.42,259.45
             247.42,259.45 213.17,289.73 213.17,289.73
             205.24,296.33 189.84,313.42 181.00,317.00
             181.00,317.00 173.28,277.00 173.28,277.00
             173.28,277.00 170.00,247.00 170.00,247.00
             170.00,247.00 192.00,232.69 192.00,232.69
             192.00,232.69 230.00,208.00 230.00,208.00
             230.00,208.00 268.00,184.04 268.00,184.04
             268.00,184.04 254.00,184.04 254.00,184.04
             254.00,184.04 242.00,185.04 242.00,185.04
             242.00,185.04 228.00,185.04 228.00,185.04
             228.00,185.04 216.00,186.00 216.00,186.00
             216.00,186.00 172.00,187.00 172.00,187.00
             172.04,173.00 177.75,144.21 184.32,132.00 Z
           M 818.17,119.70
           C 823.37,117.73 837.96,118.01 844.00,118.00
             844.00,118.00 861.00,116.96 861.00,116.96
             861.00,116.96 876.00,116.96 876.00,116.96
             876.00,116.96 887.00,116.00 887.00,116.00
             887.00,116.00 902.00,116.00 902.00,116.00
             902.00,116.00 917.00,114.96 917.00,114.96
             917.00,114.96 932.00,114.96 932.00,114.96
             932.00,114.96 944.00,114.00 944.00,114.00
             944.00,114.00 1011.00,112.00 1011.00,112.00
             1011.00,112.00 1028.00,110.96 1028.00,110.96
             1028.00,110.96 1042.00,110.96 1042.00,110.96
             1042.00,110.96 1054.00,110.00 1054.00,110.00
             1054.00,110.00 1068.00,110.00 1068.00,110.00
             1068.00,110.00 1083.00,108.96 1083.00,108.96
             1083.00,108.96 1097.00,108.96 1097.00,108.96
             1097.00,108.96 1109.00,108.00 1109.00,108.00
             1109.00,108.00 1148.00,107.00 1148.00,107.00
             1152.52,107.07 1154.53,106.89 1157.00,111.00
             1163.74,111.96 1168.76,118.27 1173.13,123.09
             1186.80,138.14 1191.39,167.09 1193.00,187.00
             1193.00,187.00 1121.00,185.00 1121.00,185.00
             1112.85,184.90 1106.41,182.61 1098.00,185.00
             1098.00,185.00 1142.28,212.44 1142.28,212.44
             1142.28,212.44 1162.96,225.67 1162.96,225.67
             1162.96,225.67 1184.00,239.67 1184.00,239.67
             1184.00,239.67 1194.00,246.00 1194.00,246.00
             1193.82,265.60 1188.49,298.07 1183.00,317.00
             1183.00,317.00 1150.72,288.51 1150.72,288.51
             1150.72,288.51 1091.00,236.15 1091.00,236.15
             1091.00,236.15 1066.00,215.08 1066.00,215.08
             1066.00,215.08 1053.00,202.00 1053.00,202.00
             1045.42,201.21 1032.28,187.29 1024.00,183.04
             1017.72,179.82 1004.39,181.08 997.00,181.00
             997.00,181.00 982.00,180.00 982.00,180.00
             982.00,180.00 967.00,180.00 967.00,180.00
             967.00,180.00 951.00,179.00 951.00,179.00
             951.00,179.00 874.00,177.00 874.00,177.00
             874.00,177.00 857.00,176.00 857.00,176.00
             857.00,176.00 837.00,176.00 837.00,176.00
             837.00,176.00 821.00,175.00 821.00,175.00
             810.81,174.98 797.75,175.75 788.00,174.00
             789.57,165.38 791.06,147.62 799.00,143.00
             799.66,136.68 812.14,121.98 818.17,119.70 Z
           M 1161.00,118.00
           C 1161.00,118.00 1162.00,119.00 1162.00,119.00
             1162.00,119.00 1162.00,118.00 1162.00,118.00
             1162.00,118.00 1161.00,118.00 1161.00,118.00 Z
           M 1179.00,136.00
           C 1179.00,136.00 1180.00,137.00 1180.00,137.00
             1180.00,137.00 1180.00,136.00 1180.00,136.00
             1180.00,136.00 1179.00,136.00 1179.00,136.00 Z
           M 724.00,173.00
           C 724.00,173.00 708.00,172.00 708.00,172.00
             708.00,172.00 656.00,172.00 656.00,172.00
             656.00,172.00 640.00,173.00 640.00,173.00
             657.82,149.26 705.88,149.83 724.00,173.00 Z
           M 330.00,185.00
           C 330.00,185.00 331.00,186.00 331.00,186.00
             331.00,186.00 331.00,185.00 331.00,185.00
             331.00,185.00 330.00,185.00 330.00,185.00 Z
           M 1030.00,185.00
           C 1030.00,185.00 1031.00,186.00 1031.00,186.00
             1031.00,186.00 1031.00,185.00 1031.00,185.00
             1031.00,185.00 1030.00,185.00 1030.00,185.00 Z
           M 250.00,197.00
           C 250.00,197.00 251.00,198.00 251.00,198.00
             251.00,198.00 251.00,197.00 251.00,197.00
             251.00,197.00 250.00,197.00 250.00,197.00 Z
           M 1129.00,205.00
           C 1129.00,205.00 1130.00,206.00 1130.00,206.00
             1130.00,206.00 1130.00,205.00 1130.00,205.00
             1130.00,205.00 1129.00,205.00 1129.00,205.00 Z
           M 1123.00,206.00
           C 1123.00,206.00 1124.00,207.00 1124.00,207.00
             1124.00,207.00 1124.00,206.00 1124.00,206.00
             1124.00,206.00 1123.00,206.00 1123.00,206.00 Z
           M 228.00,210.00
           C 228.00,210.00 229.00,211.00 229.00,211.00
             229.00,211.00 229.00,210.00 229.00,210.00
             229.00,210.00 228.00,210.00 228.00,210.00 Z
           M 298.00,212.00
           C 298.00,212.00 299.00,213.00 299.00,213.00
             299.00,213.00 299.00,212.00 299.00,212.00
             299.00,212.00 298.00,212.00 298.00,212.00 Z
           M 293.00,218.00
           C 293.00,218.00 294.00,219.00 294.00,219.00
             294.00,219.00 294.00,218.00 294.00,218.00
             294.00,218.00 293.00,218.00 293.00,218.00 Z
           M 1152.00,220.00
           C 1152.00,220.00 1153.00,221.00 1153.00,221.00
             1153.00,221.00 1153.00,220.00 1153.00,220.00
             1153.00,220.00 1152.00,220.00 1152.00,220.00 Z
           M 189.00,236.00
           C 189.00,236.00 190.00,237.00 190.00,237.00
             190.00,237.00 190.00,236.00 190.00,236.00
             190.00,236.00 189.00,236.00 189.00,236.00 Z
           M 181.00,242.00
           C 181.00,242.00 182.00,243.00 182.00,243.00
             182.00,243.00 182.00,242.00 182.00,242.00
             182.00,242.00 181.00,242.00 181.00,242.00 Z
           M 257.00,247.00
           C 257.00,247.00 258.00,248.00 258.00,248.00
             258.00,248.00 258.00,247.00 258.00,247.00
             258.00,247.00 257.00,247.00 257.00,247.00 Z
           M 1124.00,261.00
           C 1124.00,261.00 1125.00,262.00 1125.00,262.00
             1125.00,262.00 1125.00,261.00 1125.00,261.00
             1125.00,261.00 1124.00,261.00 1124.00,261.00 Z
           M 1132.00,270.00
           C 1132.00,270.00 1133.00,271.00 1133.00,271.00
             1133.00,271.00 1133.00,270.00 1133.00,270.00
             1133.00,270.00 1132.00,270.00 1132.00,270.00 Z
           M 1138.00,275.00
           C 1138.00,275.00 1139.00,276.00 1139.00,276.00
             1139.00,276.00 1139.00,275.00 1139.00,275.00
             1139.00,275.00 1138.00,275.00 1138.00,275.00 Z
           M 1253.00,287.00
           C 1257.70,287.46 1261.07,290.16 1265.00,292.69
             1265.00,292.69 1285.00,305.72 1285.00,305.72
             1285.00,305.72 1311.00,321.00 1311.00,321.00
             1311.00,321.00 1321.42,327.91 1321.42,327.91
             1330.65,333.37 1339.39,338.65 1347.42,345.88
             1357.26,354.74 1364.55,362.17 1365.38,376.01
             1366.77,398.93 1340.40,423.19 1318.00,421.91
             1294.20,420.55 1272.20,397.11 1255.00,382.28
             1244.40,373.15 1216.15,349.27 1209.00,340.00
             1215.74,328.16 1231.18,288.90 1236.00,275.00
             1240.76,276.82 1250.47,282.66 1253.00,287.00 Z
           M 128.00,276.00
           C 128.00,276.00 147.80,325.00 147.80,325.00
             149.35,328.85 155.21,339.43 153.79,342.83
             153.03,344.66 149.54,347.58 148.00,349.02
             148.00,349.02 132.00,363.17 132.00,363.17
             117.63,376.10 82.02,408.32 67.00,416.65
             59.67,420.72 49.29,422.88 41.00,421.38
             37.09,420.68 34.31,420.43 32.00,417.00
             26.69,417.25 22.02,413.79 18.00,410.53
             8.04,402.45 1.39,390.92 0.51,378.00
             -1.01,355.57 26.54,338.70 43.00,328.32
             48.28,324.99 57.00,318.51 63.00,318.00
             65.71,313.78 71.71,310.93 76.00,308.42
             76.00,308.42 97.00,295.17 97.00,295.17
             101.32,292.33 105.77,288.52 111.00,288.00
             113.71,283.45 123.01,277.91 128.00,276.00 Z
           M 1238.00,277.00
           C 1238.00,277.00 1239.00,278.00 1239.00,278.00
             1239.00,278.00 1239.00,277.00 1239.00,277.00
             1239.00,277.00 1238.00,277.00 1238.00,277.00 Z
           M 1145.00,282.00
           C 1145.00,282.00 1146.00,283.00 1146.00,283.00
             1146.00,283.00 1146.00,282.00 1146.00,282.00
             1146.00,282.00 1145.00,282.00 1145.00,282.00 Z
           M 216.00,285.00
           C 216.00,285.00 217.00,286.00 217.00,286.00
             217.00,286.00 217.00,285.00 217.00,285.00
             217.00,285.00 216.00,285.00 216.00,285.00 Z
           M 90.00,301.00
           C 90.00,301.00 91.00,302.00 91.00,302.00
             91.00,302.00 91.00,301.00 91.00,301.00
             91.00,301.00 90.00,301.00 90.00,301.00 Z
           M 193.00,305.00
           C 193.00,305.00 194.00,306.00 194.00,306.00
             194.00,306.00 194.00,305.00 194.00,305.00
             194.00,305.00 193.00,305.00 193.00,305.00 Z
           M 44.00,333.00
           C 44.00,333.00 45.00,334.00 45.00,334.00
             45.00,334.00 45.00,333.00 45.00,333.00
             45.00,333.00 44.00,333.00 44.00,333.00 Z
           M 30.00,342.00
           C 30.00,342.00 31.00,343.00 31.00,343.00
             31.00,343.00 31.00,342.00 31.00,342.00
             31.00,342.00 30.00,342.00 30.00,342.00 Z
           M 1214.00,342.00
           C 1214.00,342.00 1215.00,343.00 1215.00,343.00
             1215.00,343.00 1215.00,342.00 1215.00,342.00
             1215.00,342.00 1214.00,342.00 1214.00,342.00 Z
           M 1219.00,349.00
           C 1219.00,349.00 1220.00,350.00 1220.00,350.00
             1220.00,350.00 1220.00,349.00 1220.00,349.00
             1220.00,349.00 1219.00,349.00 1219.00,349.00 Z
           M 12.00,353.00
           C 12.00,353.00 13.00,354.00 13.00,354.00
             13.00,354.00 13.00,353.00 13.00,353.00
             13.00,353.00 12.00,353.00 12.00,353.00 Z
           M 1226.00,353.00
           C 1226.00,353.00 1227.00,354.00 1227.00,354.00
             1227.00,354.00 1227.00,353.00 1227.00,353.00
             1227.00,353.00 1226.00,353.00 1226.00,353.00 Z
           M 9.00,356.00
           C 9.00,356.00 10.00,357.00 10.00,357.00
             10.00,357.00 10.00,356.00 10.00,356.00
             10.00,356.00 9.00,356.00 9.00,356.00 Z
           M 1229.00,357.00
           C 1229.00,357.00 1230.00,358.00 1230.00,358.00
             1230.00,358.00 1230.00,357.00 1230.00,357.00
             1230.00,357.00 1229.00,357.00 1229.00,357.00 Z
           M 1353.00,357.00
           C 1353.00,357.00 1354.00,358.00 1354.00,358.00
             1354.00,358.00 1354.00,357.00 1354.00,357.00
             1354.00,357.00 1353.00,357.00 1353.00,357.00 Z
           M 129.00,361.00
           C 129.00,361.00 130.00,362.00 130.00,362.00
             130.00,362.00 130.00,361.00 130.00,361.00
             130.00,361.00 129.00,361.00 129.00,361.00 Z
           M 131.00,361.00
           C 131.00,361.00 132.00,362.00 132.00,362.00
             132.00,362.00 132.00,361.00 132.00,361.00
             132.00,361.00 131.00,361.00 131.00,361.00 Z
           M 1237.00,362.00
           C 1237.00,362.00 1238.00,363.00 1238.00,363.00
             1238.00,363.00 1238.00,362.00 1238.00,362.00
             1238.00,362.00 1237.00,362.00 1237.00,362.00 Z
           M 125.00,367.00
           C 125.00,367.00 126.00,368.00 126.00,368.00
             126.00,368.00 126.00,367.00 126.00,367.00
             126.00,367.00 125.00,367.00 125.00,367.00 Z
           M 100.00,389.00
           C 100.00,389.00 101.00,390.00 101.00,390.00
             101.00,390.00 101.00,389.00 101.00,389.00
             101.00,389.00 100.00,389.00 100.00,389.00 Z
           M 14.00,405.00
           C 14.00,405.00 15.00,406.00 15.00,406.00
             15.00,406.00 15.00,405.00 15.00,405.00
             15.00,405.00 14.00,405.00 14.00,405.00 Z
           M 65.00,415.00
           C 65.00,415.00 66.00,416.00 66.00,416.00
             66.00,416.00 66.00,415.00 66.00,415.00
             66.00,415.00 65.00,415.00 65.00,415.00 Z" />
</svg>
