<?xml version="1.0" encoding="UTF-8" standalone="no"?>
<!DOCTYPE svg PUBLIC "-//W3C//DTD SVG 20010904//EN"
              "http://www.w3.org/TR/2001/REC-SVG-20010904/DTD/svg10.dtd">

<svg xmlns="http://www.w3.org/2000/svg"
     width="18.9722in" height="6.97222in"
     viewBox="0 0 1366 502">
  <path id="Selection #2"
        fill="none" stroke="black" stroke-width="1"
        d="M 987.00,58.00
           C 987.00,58.00 1024.00,59.00 1024.00,59.00
             1024.00,59.00 1033.00,60.06 1033.00,60.06
             1033.00,60.06 1044.00,60.06 1044.00,60.06
             1044.00,60.06 1080.00,67.79 1080.00,67.79
             1080.00,67.79 1128.00,77.92 1128.00,77.92
             1128.00,77.92 1157.00,88.05 1157.00,88.05
             1157.00,88.05 1189.79,100.22 1189.79,100.22
             1193.04,102.40 1196.38,109.44 1198.42,113.00
             1198.42,113.00 1215.36,144.00 1215.36,144.00
             1215.97,146.09 1215.97,147.86 1216.00,150.00
             1216.00,150.00 1216.00,179.00 1216.00,179.00
             1216.00,179.00 1215.00,194.00 1215.00,194.00
             1215.00,194.00 1215.00,211.00 1215.00,211.00
             1215.00,211.00 1216.00,225.00 1216.00,225.00
             1216.00,225.00 1217.00,257.00 1217.00,257.00
             1217.00,257.00 1217.99,269.00 1217.99,269.00
             1218.22,279.46 1213.41,287.51 1209.42,297.00
             1209.42,297.00 1195.49,330.00 1195.49,330.00
             1195.49,330.00 1184.33,347.00 1184.33,347.00
             1184.33,347.00 1163.68,376.37 1163.68,376.37
             1160.34,379.27 1150.33,383.97 1146.00,386.31
             1146.00,386.31 1119.00,400.38 1119.00,400.38
             1119.00,400.38 1082.00,406.27 1082.00,406.27
             1082.00,406.27 1020.00,415.00 1020.00,415.00
             1020.00,415.00 1010.00,415.00 1010.00,415.00
             1010.00,415.00 1000.00,414.00 1000.00,414.00
             1000.00,414.00 990.00,414.00 990.00,414.00
             990.00,414.00 976.00,413.00 976.00,413.00
             976.00,413.00 962.00,412.00 962.00,412.00
             962.00,412.00 924.00,410.00 924.00,410.00
             915.23,409.88 906.74,404.12 899.00,400.25
             899.00,400.25 866.00,383.54 866.00,383.54
             866.00,383.54 851.00,373.00 851.00,373.00
             851.00,373.00 831.00,358.68 831.00,358.68
             831.00,358.68 806.00,334.00 806.00,334.00
             802.22,330.22 790.05,318.49 787.70,315.00
             787.70,315.00 779.58,297.00 779.58,297.00
             779.58,297.00 769.57,273.00 769.57,273.00
             769.57,273.00 764.58,248.00 764.58,248.00
             762.05,234.00 757.93,220.29 758.00,206.00
             758.00,206.00 759.91,183.00 759.91,183.00
             759.91,183.00 762.52,156.00 762.52,156.00
             762.52,156.00 767.58,142.00 767.58,142.00
             767.58,142.00 779.99,110.18 779.99,110.18
             782.29,106.94 788.54,103.36 792.00,100.98
             801.69,94.29 808.45,90.08 819.00,84.75
             819.00,84.75 846.00,70.63 846.00,70.63
             846.00,70.63 870.00,66.92 870.00,66.92
             870.00,66.92 938.00,59.17 938.00,59.17
             938.00,59.17 959.00,57.42 959.00,57.42
             969.95,56.09 976.90,57.98 987.00,58.00 Z
           M 399.00,63.14
           C 399.00,63.14 440.00,63.14 440.00,63.14
             451.00,63.02 472.43,69.06 484.00,71.87
             484.00,71.87 516.00,79.61 516.00,79.61
             516.00,79.61 544.00,96.00 544.00,96.00
             544.00,96.00 575.61,115.53 575.61,115.53
             578.46,118.34 583.17,128.87 585.25,133.00
             587.89,138.26 593.89,148.00 595.37,153.00
             595.37,153.00 599.42,181.00 599.42,181.00
             599.42,181.00 603.96,217.00 603.96,217.00
             603.96,217.00 593.14,259.00 593.14,259.00
             593.14,259.00 579.67,301.00 579.67,301.00
             579.67,301.00 571.17,324.00 571.17,324.00
             568.68,328.17 556.11,341.63 552.08,346.00
             552.08,346.00 531.00,368.82 531.00,368.82
             531.00,368.82 506.00,385.67 506.00,385.67
             506.00,385.67 483.00,400.47 483.00,400.47
             483.00,400.47 455.00,408.71 455.00,408.71
             444.21,411.81 433.32,415.98 422.00,416.00
             422.00,416.00 372.00,416.00 372.00,416.00
             372.00,416.00 356.00,415.00 356.00,415.00
             356.00,415.00 318.00,413.00 318.00,413.00
             318.00,413.00 286.00,407.60 286.00,407.60
             286.00,407.60 257.00,401.45 257.00,401.45
             257.00,401.45 238.00,392.25 238.00,392.25
             216.51,381.50 216.84,383.32 198.00,367.13
             193.89,363.60 186.47,357.92 183.39,354.00
             181.14,351.12 174.40,336.18 172.58,332.00
             172.58,332.00 163.55,312.00 163.55,312.00
             163.55,312.00 157.13,286.00 157.13,286.00
             149.02,253.52 150.14,259.09 146.83,226.00
             146.83,226.00 144.08,200.00 144.08,200.00
             144.08,200.00 149.58,162.00 149.58,162.00
             149.58,162.00 154.85,129.00 154.85,129.00
             156.10,125.90 162.79,117.17 165.12,114.00
             165.12,114.00 181.32,92.11 181.32,92.11
             185.29,87.86 194.51,84.74 200.00,82.23
             200.00,82.23 223.00,72.39 223.00,72.39
             223.00,72.39 267.00,70.00 267.00,70.00
             267.00,70.00 283.00,69.00 283.00,69.00
             283.00,69.00 324.00,66.09 324.00,66.09
             324.00,66.09 353.00,64.09 353.00,64.09
             353.00,64.09 364.00,63.14 364.00,63.14
             364.00,63.14 399.00,63.14 399.00,63.14 Z" />
</svg>
